0.0 -5.0 -10.0 -15.0 -20.0 -25.0 -30.0 -35.0 -40.0 -45.0 -50.0 -55.0 -60.0 -65.0 -70.0 -75.0 -80.0 -85.0 -90.0 -95.0 -100.0 -105.0 -110.0 -115.0 -120.0 -125.0 -130.0 -135.0 -140.0 -145.0 -150.0 -155.0 -160.0 -165.0 -170.0
-5.0 -1.0 -3.0 -5.0 -7.0 -11.4 -15.8 -20.2 -22.2 -24.2 -26.2 -28.2 -30.2 -32.2 -34.2 -36.2 -38.2 -40.2 -42.2 -44.2 -46.2 -48.2 -50.2 -52.2 -54.2 -56.2 -58.2 -60.2 -62.2 -64.2 -66.2 -68.2 -70.2 -72.2 -74.2
-10.0 -6.0 2.0 0.0 -2.0 -6.4 -10.8 -15.2 -17.2 -19.2 -21.2 -23.2 -25.2 -27.2 -29.2 -31.2 -33.2 -35.2 -37.2 -39.2 -41.2 -43.2 -45.2 -47.2 -49.2 -51.2 -53.2 -55.2 -57.2 -59.2 -61.2 -63.2 -65.2 -67.2 -69.2
-15.0 -9.0 -3.0 3.0 1.0 -3.4 -7.8 -12.2 -14.2 -16.2 -17.2 -18.2 -20.2 -22.2 -24.2 -26.2 -28.2 -30.2 -32.2 -34.2 -36.2 -38.2 -40.2 -42.2 -44.2 -46.2 -48.2 -50.2 -52.2 -54.2 -56.2 -58.2 -60.2 -62.2 -64.2
-20.0 -14.0 -8.0 -2.0 1.0 -3.4 -7.8 -12.2 -14.2 -16.2 -18.2 -19.2 -20.2 -22.2 -19.2 -21.2 -23.2 -25.2 -27.2 -29.2 -31.2 -33.2 -35.2 -37.2 -39.2 -41.2 -43.2 -45.2 -47.2 -49.2 -51.2 -53.2 -55.2 -57.2 -59.2
-25.0 -19.0 -13.0 -7.0 -3.0 -2.4 -6.8 -11.2 -13.2 -15.2 -14.2 -15.2 -17.2 -19.2 -21.2 -21.2 -21.2 -23.2 -22.2 -24.2 -26.2 -28.2 -30.2 -32.2 -34.2 -36.2 -38.2 -40.2 -42.2 -44.2 -46.2 -48.2 -50.2 -52.2 -54.2
-30.0 -24.0 -16.0 -12.0 -6.0 -7.4 -6.8 -10.2 -11.2 -10.2 -12.2 -14.2 -12.2 -14.2 -16.2 -18.2 -20.2 -22.2 -24.2 -20.2 -22.2 -24.2 -25.2 -27.2 -29.2 -31.2 -33.2 -35.2 -37.2 -39.2 -41.2 -43.2 -45.2 -47.2 -49.2
-35.0 -29.0 -21.0 -15.0 -11.0 -9.4 -11.8 -11.2 -12.2 -13.2 -8.2 -9.2 -11.2 -13.2 -15.2 -17.2 -18.2 -20.2 -19.2 -21.2 -21.2 -20.2 -22.2 -24.2 -24.2 -26.2 -28.2 -30.2 -32.2 -34.2 -36.2 -38.2 -40.2 -42.2 -44.2
-40.0 -34.0 -26.0 -20.0 -16.0 -14.4 -13.8 -16.2 -13.2 -14.2 -11.2 -5.2 -7.2 -9.2 -11.2 -13.2 -15.2 -17.2 -17.2 -19.2 -21.2 -19.2 -21.2 -23.2 -21.2 -21.2 -23.2 -25.2 -27.2 -29.2 -31.2 -33.2 -35.2 -37.2 -39.2
-45.0 -39.0 -31.0 -25.0 -19.0 -19.4 -18.8 -17.2 -16.2 -10.2 -12.2 -10.2 -2.2 -4.2 -6.2 -8.2 -10.2 -12.2 -14.2 -15.2 -17.2 -19.2 -16.2 -18.2 -20.2 -22.2 -22.2 -21.2 -23.2 -24.2 -26.2 -28.2 -30.2 -32.2 -34.2
-50.0 -44.0 -36.0 -30.0 -24.0 -23.4 -23.8 -22.2 -17.2 -13.2 -11.2 -13.2 -7.2 0.8 -1.2 -3.2 -5.2 -7.2 -9.2 -11.2 -13.2 -15.2 -16.2 -18.2 -20.2 -22.2 -23.2 -20.2 -20.2 -20.2 -22.2 -24.2 -26.2 -28.2 -30.2
-55.0 -49.0 -41.0 -35.0 -29.0 -28.4 -27.8 -27.2 -22.2 -18.2 -15.2 -13.2 -12.2 -4.2 3.8 1.8 -0.2 -2.2 -4.2 -6.2 -8.2 -10.2 -12.2 -14.2 -16.2 -18.2 -20.2 -22.2 -22.2 -22.2 -22.2 -24.2 -26.2 -27.2 -29.2
-60.0 -54.0 -46.0 -40.0 -34.0 -33.4 -32.8 -32.2 -27.2 -23.2 -20.2 -17.2 -15.2 -9.2 -1.2 6.8 4.8 2.8 0.8 -1.2 -3.2 -5.2 -7.2 -9.2 -11.2 -13.2 -15.2 -17.2 -19.2 -21.2 -23.2 -24.2 -26.2 -27.2 -29.2
-65.0 -59.0 -51.0 -45.0 -39.0 -37.4 -37.8 -37.2 -32.2 -28.2 -21.2 -17.2 -19.2 -14.2 -6.2 1.8 6.8 4.8 5.8 3.8 1.8 -0.2 -2.2 -4.2 -6.2 -8.2 -10.2 -12.2 -14.2 -16.2 -18.2 -20.2 -22.2 -24.2 -26.2
-70.0 -64.0 -56.0 -50.0 -44.0 -42.4 -41.8 -42.2 -37.2 -33.2 -26.2 -22.2 -19.2 -19.2 -11.2 -3.2 1.8 9.8 7.8 5.8 5.8 3.8 1.8 -0.2 -2.2 -4.2 -6.2 -8.2 -10.2 -12.2 -14.2 -16.2 -18.2 -20.2 -22.2
-75.0 -69.0 -61.0 -55.0 -49.0 -47.4 -46.8 -46.2 -42.2 -38.2 -31.2 -23.2 -24.2 -21.2 -16.2 -8.2 -3.2 4.8 12.8 10.8 8.8 7.8 5.8 3.8 2.8 0.8 -1.2 -3.2 -5.2 -7.2 -9.2 -11.2 -13.2 -15.2 -17.2
-80.0 -74.0 -66.0 -60.0 -54.0 -52.4 -51.8 -50.2 -46.2 -39.2 -36.2 -28.2 -20.2 -21.2 -21.2 -13.2 -8.2 -0.2 7.8 14.8 12.8 10.8 10.8 8.8 6.8 4.8 2.8 0.8 -1.2 -2.2 -4.2 -6.2 -8.2 -10.2 -12.2
-85.0 -79.0 -71.0 -65.0 -59.0 -57.4 -56.8 -55.2 -51.2 -44.2 -41.2 -33.2 -25.2 -22.2 -18.2 -18.2 -13.2 -5.2 2.8 9.8 16.8 14.8 12.8 10.8 8.8 6.8 4.8 2.8 0.8 -1.2 -3.2 -5.2 -7.2 -9.2 -11.2
-90.0 -84.0 -76.0 -70.0 -64.0 -62.4 -61.8 -60.2 -56.2 -49.2 -42.2 -38.2 -30.2 -27.2 -23.2 -20.2 -18.2 -10.2 -2.2 4.8 11.8 18.8 16.8 14.8 13.8 11.8 9.8 7.8 5.8 3.8 1.8 -0.2 -2.2 -4.2 -6.2
-95.0 -89.0 -81.0 -75.0 -69.0 -67.4 -66.8 -65.2 -60.2 -53.2 -47.2 -43.2 -35.2 -27.2 -28.2 -25.2 -20.2 -15.2 -7.2 -0.2 6.8 13.8 21.8 19.8 17.8 15.8 13.8 11.8 9.8 8.8 6.8 4.8 2.8 0.8 -1.2
-100.0 -94.0 -86.0 -80.0 -74.0 -72.4 -70.8 -70.2 -64.2 -58.2 -52.2 -48.2 -40.2 -32.2 -29.2 -30.2 -25.2 -20.2 -12.2 -5.2 1.8 8.8 16.8 24.8 22.8 20.8 18.8 16.8 14.8 12.8 10.8 8.8 6.8 4.8 2.8
-105.0 -99.0 -91.0 -85.0 -79.0 -77.4 -75.8 -75.2 -69.2 -63.2 -56.2 -49.2 -45.2 -37.2 -34.2 -31.2 -30.2 -25.2 -17.2 -10.2 -3.2 3.8 11.8 19.8 27.8 25.8 23.8 21.8 19.8 17.8 15.8 13.8 11.8 9.8 7.8
-110.0 -104.0 -96.0 -90.0 -84.0 -82.4 -80.8 -80.2 -74.2 -68.2 -61.2 -53.2 -50.2 -42.2 -39.2 -36.2 -31.2 -30.2 -22.2 -15.2 -8.2 -1.2 6.8 14.8 22.8 30.8 28.8 26.8 24.8 22.8 20.8 18.8 16.8 14.8 12.8
-115.0 -109.0 -101.0 -95.0 -89.0 -87.4 -85.8 -85.2 -79.2 -73.2 -66.2 -58.2 -55.2 -47.2 -44.2 -41.2 -36.2 -33.2 -27.2 -20.2 -13.2 -6.2 1.8 9.8 17.8 25.8 32.8 30.8 28.8 26.8 25.8 23.8 21.8 19.8 17.8
-120.0 -114.0 -106.0 -100.0 -94.0 -92.4 -90.8 -89.2 -84.2 -76.2 -71.2 -63.2 -55.2 -52.2 -49.2 -46.2 -41.2 -38.2 -32.2 -25.2 -18.2 -11.2 -3.2 4.8 12.8 20.8 27.8 34.8 32.8 31.8 29.8 27.8 25.8 23.8 21.8
-125.0 -119.0 -111.0 -105.0 -99.0 -97.4 -95.8 -94.2 -89.2 -81.2 -76.2 -68.2 -60.2 -52.2 -54.2 -51.2 -46.2 -43.2 -37.2 -30.2 -23.2 -16.2 -8.2 -0.2 7.8 15.8 22.8 29.8 35.8 35.8 33.8 31.8 29.8 27.8 25.8
-130.0 -124.0 -116.0 -110.0 -104.0 -102.4 -100.8 -99.2 -94.2 -86.2 -81.2 -73.2 -65.2 -57.2 -54.2 -56.2 -51.2 -48.2 -42.2 -35.2 -28.2 -21.2 -13.2 -5.2 2.8 10.8 17.8 24.8 30.8 38.8 36.8 35.8 33.8 31.8 29.8
-135.0 -129.0 -121.0 -115.0 -109.0 -107.4 -105.8 -104.2 -99.2 -91.2 -84.2 -78.2 -70.2 -62.2 -59.2 -56.2 -56.2 -53.2 -45.2 -40.2 -33.2 -26.2 -18.2 -10.2 -2.2 5.8 12.8 19.8 25.8 33.8 41.8 39.8 37.8 35.8 33.8
-140.0 -134.0 -126.0 -120.0 -114.0 -112.4 -110.8 -109.2 -104.2 -96.2 -89.2 -83.2 -75.2 -67.2 -64.2 -61.2 -56.2 -58.2 -50.2 -43.2 -38.2 -31.2 -23.2 -15.2 -7.2 0.8 7.8 14.8 20.8 28.8 36.8 43.8 41.8 39.8 37.8
-145.0 -139.0 -131.0 -125.0 -119.0 -117.4 -115.8 -114.2 -109.2 -101.2 -94.2 -86.2 -80.2 -72.2 -69.2 -66.2 -61.2 -58.2 -55.2 -48.2 -43.2 -36.2 -28.2 -20.2 -12.2 -4.2 2.8 9.8 15.8 23.8 31.8 38.8 45.8 43.8 41.8
-150.0 -144.0 -136.0 -130.0 -124.0 -122.4 -120.8 -119.2 -114.2 -106.2 -99.2 -91.2 -83.2 -77.2 -74.2 -71.2 -66.2 -63.2 -60.2 -53.2 -48.2 -41.2 -33.2 -25.2 -17.2 -9.2 -2.2 4.8 10.8 18.8 26.8 33.8 40.8 43.8 45.8
